8	8	1;
0.281	0.525	0.764	0.866	0.764	0.525	0.281	0.117	0.525	0.981	1.428	1.618	1.428	0.981	0.525	0.219	0.764	1.428	2.078	2.354	2.078	1.428	0.764	0.319	0.866	1.618	2.354	2.668	2.354	1.618	0.866	0.361	0.764	1.428	2.078	2.354	2.078	1.428	0.764	0.319	0.525	0.981	1.428	1.618	1.428	0.981	0.525	0.219	0.281	0.525	0.764	0.866	0.764	0.525	0.281	0.117	0.117	0.219	0.319	0.361	0.319	0.219	0.117	0.049
