16	16	1;
0.127	0.191	0.270	0.357	0.445	0.520	0.571	0.589	0.571	0.520	0.445	0.357	0.270	0.191	0.127	0.080	0.191	0.287	0.405	0.536	0.668	0.780	0.857	0.884	0.857	0.780	0.668	0.536	0.405	0.287	0.191	0.120	0.270	0.405	0.571	0.756	0.941	1.101	1.209	1.247	1.209	1.101	0.941	0.756	0.571	0.405	0.270	0.169	0.357	0.536	0.756	1.002	1.247	1.458	1.601	1.652	1.601	1.458	1.247	1.002	0.756	0.536	0.357	0.224	0.445	0.668	0.941	1.247	1.552	1.815	1.993	2.056	1.993	1.815	1.552	1.247	0.941	0.668	0.445	0.278	0.520	0.780	1.101	1.458	1.815	2.121	2.330	2.404	2.330	2.121	1.815	1.458	1.101	0.780	0.520	0.325	0.571	0.857	1.209	1.601	1.993	2.330	2.559	2.640	2.559	2.330	1.993	1.601	1.209	0.857	0.571	0.357	0.589	0.884	1.247	1.652	2.056	2.404	2.640	2.724	2.640	2.404	2.056	1.652	1.247	0.884	0.589	0.369	0.571	0.857	1.209	1.601	1.993	2.330	2.559	2.640	2.559	2.330	1.993	1.601	1.209	0.857	0.571	0.357	0.520	0.780	1.101	1.458	1.815	2.121	2.330	2.404	2.330	2.121	1.815	1.458	1.101	0.780	0.520	0.325	0.445	0.668	0.941	1.247	1.552	1.815	1.993	2.056	1.993	1.815	1.552	1.247	0.941	0.668	0.445	0.278	0.357	0.536	0.756	1.002	1.247	1.458	1.601	1.652	1.601	1.458	1.247	1.002	0.756	0.536	0.357	0.224	0.270	0.405	0.571	0.756	0.941	1.101	1.209	1.247	1.209	1.101	0.941	0.756	0.571	0.405	0.270	0.169	0.191	0.287	0.405	0.536	0.668	0.780	0.857	0.884	0.857	0.780	0.668	0.536	0.405	0.287	0.191	0.120	0.127	0.191	0.270	0.357	0.445	0.520	0.571	0.589	0.571	0.520	0.445	0.357	0.270	0.191	0.127	0.080	0.080	0.120	0.169	0.224	0.278	0.325	0.357	0.369	0.357	0.325	0.278	0.224	0.169	0.120	0.080	0.050
